CD	ID	FD	WD	ED
11	11	3	0	8
11	1	1	0	10
12	2	1	0	11
14	3	1	0	13
16	13	4	0	12
16	12	4	0	12
17	14	4	0	13
17	38	4	0	13
17	15	4	0	13
17	4	2	0	15
18	16	4	0	14
19	5	2	0	17
19	6	2	0	17
20	8	3	0	17
20	7	2	0	18
24	9	3	0	21
24	39	3	0	21
26	40	3	0	23
26	42	3	0	23
27	21	5	14	8
29	44	3	19	7
29	45	4	18	7
32	18	5	16	11
32	41	3	0	29
34	19	5	15	14
35	17	5	17	13
35	23	5	17	13
35	20	5	16	14
39	24	5	18	16
39	10	3	0	36
41	43	3	0	38
46	25	5	25	16
48	27	6	27	15
50	26	5	25	20
52	28	6	30	16
57	29	6	30	21
63	34	7	50	6
64	32	7	46	11
66	31	7	44	15
67	30	6	34	27
69	33	7	48	14
71	37	7	58	6
74	36	7	57	10
75	35	7	55	13
.............................................
.............................................
Missions:44	[M: 16, P: 15, E: 13]
Rovers:22 	[M: 10, P: 6, E: 6]
Avg Wait = 15.4318, Avg Exec = 15.6136
Auto-promoted: 11.1111%
