CD	ID	FD	WD	ED
11	11	3	0	8
11	1	1	0	10
12	2	1	0	11
14	38	4	0	10
14	3	1	0	13
16	12	4	0	12
17	15	4	0	13
17	4	2	0	15
18	13	4	0	14
18	14	4	0	14
18	16	4	0	14
19	5	2	0	17
19	6	2	0	17
20	8	3	0	17
20	7	2	0	18
24	9	3	0	21
24	39	3	0	21
25	45	4	15	6
25	44	3	14	8
26	40	3	0	23
26	42	3	0	23
31	17	5	14	12
32	18	5	15	12
32	41	3	0	29
33	23	5	18	10
33	21	5	17	11
34	24	5	18	11
34	19	5	16	13
37	20	5	17	15
39	25	5	18	16
39	10	3	0	36
41	43	3	0	38
43	29	6	29	8
43	26	5	27	11
46	30	6	29	11
47	27	6	28	13
51	32	7	37	7
51	28	6	28	17
52	34	7	40	5
52	33	7	37	8
54	35	7	41	6
55	31	7	33	15
56	37	7	45	4
57	36	7	45	5
.............................................
.............................................
Missions:44	[M: 16, P: 15, E: 13]
Rovers:22 	[M: 10, P: 6, E: 6]
Avg Wait = 13.2045, Avg Exec = 14.0455
Auto-promoted: 11.1111%
