CD	ID	FD	WD	ED
15	1	1	0	14
17	8	3	0	14
19	7	2	0	17
20	2	1	0	19
21	9	3	0	18
22	6	2	0	20
25	5	2	0	23
25	3	1	0	24
26	13	4	0	22
30	21	5	11	14
35	19	5	13	17
36	12	4	0	32
38	18	5	15	18
39	14	4	17	18
43	17	5	18	20
46	20	5	17	24
47	38	8	23	16
47	16	4	22	21
48	43	8	28	12
48	15	4	22	22
50	47	10	29	11
51	41	8	19	24
51	4	2	0	49
57	42	8	32	17
59	46	9	35	15
64	45	8	29	27
66	23	5	48	13
67	44	8	40	19
69	39	8	39	22
71	40	8	41	22
73	22	5	47	21
79	25	5	62	12
90	24	5	60	25
94	26	5	69	20
97	28	6	74	17
99	27	6	72	21
110	29	6	89	15
111	32	7	95	9
117	31	7	93	17
122	34	7	105	10
124	30	6	89	29
129	33	7	104	18
133	36	7	116	10
137	35	7	111	19
147	37	7	118	22
.............................................
.............................................
Missions:47	[M: 7, P: 16, E: 24]
Rovers:11 	[M: 4, P: 4, E: 3]
Avg Wait = 38.3404, Avg Exec = 18.4894
Auto-promoted: 52.9412%
