CD	ID	FD	WD	ED
11	11	3	0	8
11	1	1	0	10
12	2	1	0	11
14	38	4	0	10
14	3	1	0	13
16	12	4	0	12
17	15	4	0	13
17	4	2	0	15
18	13	4	0	14
18	14	4	0	14
18	16	4	0	14
19	5	2	0	17
19	6	2	0	17
20	8	3	0	17
20	7	2	0	18
24	45	4	15	5
24	9	3	0	21
24	39	3	0	21
25	44	3	16	6
26	40	3	0	23
26	42	3	0	23
32	21	5	18	9
32	18	5	16	11
32	41	3	0	29
33	17	5	15	13
34	23	5	18	11
36	19	5	17	14
37	25	5	20	12
39	24	5	18	16
39	20	5	17	17
39	10	3	0	36
41	43	3	0	38
48	26	5	28	15
51	27	6	27	18
53	31	7	35	11
55	28	6	29	20
61	29	6	34	21
64	34	7	49	8
64	32	7	46	11
67	30	6	34	27
69	33	7	47	15
70	35	7	53	10
73	37	7	58	8
75	36	7	58	10
.............................................
.............................................
Missions:44	[M: 16, P: 15, E: 13]
Rovers:22 	[M: 10, P: 6, E: 6]
Avg Wait = 15.1818, Avg Exec = 15.5
Auto-promoted: 11.1111%
