CD	ID	FD	WD	ED
13	1	1	0	12
17	2	1	0	16
19	7	2	0	17
21	13	4	0	17
21	3	1	0	20
22	6	2	0	20
24	12	4	0	20
24	8	3	0	21
24	4	2	0	22
25	14	4	0	21
26	21	5	9	12
33	9	3	0	30
34	15	4	0	30
37	19	5	13	19
38	18	5	15	18
40	16	4	19	17
40	17	5	17	18
42	22	5	20	17
45	39	8	19	18
46	20	5	17	24
47	23	5	21	21
48	38	8	17	23
49	47	10	28	11
49	41	8	17	24
52	5	2	0	50
53	44	8	33	12
53	42	8	31	14
56	46	9	32	15
62	40	8	35	19
62	45	8	27	27
62	43	8	26	28
66	24	5	43	18
72	25	5	53	14
85	27	6	61	18
86	29	6	67	13
95	26	5	58	32
96	28	6	65	25
99	31	7	80	12
103	30	6	80	17
113	32	7	90	16
115	34	7	97	11
119	35	7	97	15
126	37	7	109	10
130	33	7	93	30
131	36	7	107	17
.............................................
.............................................
Missions:47	[M: 9, P: 16, E: 22]
Rovers:13 	[M: 5, P: 4, E: 4]
Avg Wait = 31.8298, Avg Exec = 18.7447
Auto-promoted: 41.1765%
