CD	ID	FD	WD	ED
14	3	2	0	12
16	5	2	0	14
25	14	5	12	8
27	11	4	11	12
28	15	2	0	26
30	10	4	0	26
40	9	3	25	12
40	8	4	22	14
43	12	3	26	14
58	7	2	42	14
58	16	18	13	27
71	13	5	54	12
83	17	5	54	24
159	4	6	74	79
239	22	22	138	79
391	23	23	217	151
551	24	24	376	151
847	25	25	527	295
911	26	26	822	63
.............................................
.............................................
Missions:19	[M: 1, P: 6, E: 12]
Rovers:4 	[M: 3, P: 1, E: 0]
Avg Wait = 127, Avg Exec = 54.3684
Auto-promoted: 81.8182%
