CD	ID	FD	WD	ED
13	1	1	0	12
15	4	2	0	13
16	5	2	0	14
16	2	1	0	15
18	13	4	0	14
18	12	4	0	14
20	3	1	0	19
29	21	5	16	8
34	14	4	18	12
35	18	5	18	12
36	19	5	16	15
38	20	5	18	15
39	38	4	20	15
42	9	3	32	7
45	17	5	23	17
47	43	3	37	7
50	15	4	36	10
53	8	3	40	10
55	42	3	41	11
56	16	4	44	8
59	44	3	50	6
64	45	4	49	11
65	39	3	44	18
69	6	2	53	14
73	40	3	55	15
74	7	2	60	12
78	41	3	60	15
86	23	5	65	16
92	24	5	69	18
107	25	5	86	16
117	26	5	92	20
130	27	6	106	18
142	28	6	116	20
150	29	6	129	15
164	30	6	141	17
170	31	7	148	15
185	32	7	162	16
188	33	7	168	13
199	34	7	183	9
202	35	7	186	9
212	37	7	200	5
212	36	7	197	8
.............................................
.............................................
Missions:42	[M: 5, P: 15, E: 22]
Rovers:7 	[M: 3, P: 2, E: 2]
Avg Wait = 66.1429, Avg Exec = 13.1905
Auto-promoted: 68.75%
