CD	ID	FD	WD	ED
22	8	3	0	19
25	9	3	0	22
26	7	2	0	24
29	2	1	0	28
33	13	4	0	29
34	6	2	0	32
34	5	2	0	32
34	1	1	0	33
36	12	4	0	32
42	3	1	0	41
45	21	5	18	22
48	19	5	22	21
54	14	4	22	28
57	20	5	32	20
58	17	5	30	23
60	45	8	27	25
60	4	2	0	58
61	43	8	26	27
61	18	5	25	31
68	38	8	27	33
69	15	4	42	23
72	47	10	33	29
77	42	8	41	28
84	46	9	46	29
90	16	4	54	32
94	22	5	57	32
94	39	8	51	35
96	44	8	53	35
102	23	5	65	32
105	41	8	54	43
121	24	5	84	32
127	25	5	90	32
131	26	5	94	32
135	27	6	97	32
154	28	6	116	32
160	29	6	122	32
164	30	6	126	32
168	31	7	129	32
173	40	8	53	112
187	32	7	148	32
193	33	7	154	32
197	34	7	158	32
205	35	7	166	32
224	36	7	185	32
230	37	7	191	32
.............................................
.............................................
Missions:45	[M: 5, P: 16, E: 24]
Rovers:11 	[M: 4, P: 4, E: 3]
Avg Wait = 58.6222, Avg Exec = 32.4
Auto-promoted: 60%
