CD	ID	FD	WD	ED
10	1	2	0	8
19	3	2	9	8
23	10	4	0	19
26	2	2	0	24
28	11	4	16	8
28	15	2	0	26
30	14	5	19	6
37	9	3	28	6
37	6	2	27	8
51	8	4	23	24
52	12	3	35	14
60	7	2	48	10
65	16	18	20	27
67	13	5	56	6
77	5	2	51	24
96	17	5	47	44
123	4	6	62	55
191	22	22	114	55
247	23	23	169	55
351	24	24	224	103
467	25	25	339	103
491	16	26	442	23
.............................................
.............................................
Missions:22	[M: 3, P: 6, E: 13]
Rovers:4 	[M: 3, P: 1, E: 0]
Avg Wait = 78.5909, Avg Exec = 29.8182
Auto-promoted: 78.5714%
