CD	ID	FD	WD	ED
14	3	2	0	12
26	5	2	0	24
30	10	4	0	26
39	7	2	13	24
45	12	3	28	14
48	15	2	0	46
51	8	4	23	24
52	11	4	36	12
61	9	3	46	12
64	14	5	47	12
73	13	18	28	27
84	13	5	67	12
86	17	5	57	24
125	4	6	76	43
169	22	22	104	43
213	23	23	147	43
257	24	24	190	43
301	25	25	233	43
312	26	26	276	10
.............................................
.............................................
Missions:22	[M: 4, P: 6, E: 12]
Rovers:4 	[M: 3, P: 1, E: 0]
Avg Wait = 62.3182, Avg Exec = 22.4545
Auto-promoted: 64.2857%
