CD	ID	FD	WD	ED
14	3	2	0	12
26	5	2	0	24
30	10	4	0	26
38	7	2	12	24
44	12	3	27	14
48	15	2	0	46
50	11	4	34	12
50	8	4	22	24
60	9	3	45	12
62	14	5	45	12
71	13	18	26	27
81	13	5	64	12
84	17	5	55	24
122	4	6	73	43
165	22	22	100	43
208	23	23	142	43
251	24	24	184	43
294	25	25	226	43
304	26	26	268	10
.............................................
.............................................
Missions:22	[M: 4, P: 6, E: 12]
Rovers:4 	[M: 3, P: 1, E: 0]
Avg Wait = 60.1364, Avg Exec = 22.4545
Auto-promoted: 64.2857%
