4   4   3
1 3 4 5 6 6 6 6 3 4 5
3  5  4  6
20
51
F M 1 1 500 25 2
F M 1 2 600 16 2
F M 1 3 600 25 3
F M 2 4 500 18 3
F M 2 5 500 19 3
F E 2 6 600 23 8
F E 2 7 500 14 9
F E 3 8 500  13 6
F E 3 9 600 14 4
F M 3 10 600 12 3
F M 3 11 600 17 3
X 4 10
X 4 11
F E 4 12 600 24 8
F E 4 13 500 23 9
F E 4 14 500 22 6
F E 4 15 600 15 4
F E 4 16 600 16 3
F E 5 17 500 15 5
F E 5 18 600 19 6
F E 5 19 500 11 7
F E 5 20 600 12 5
F E 5 21 500 16 9
F P 5 22 600 16 4
F P 5 23 600 16 4
F P 5 24 600 16 2
F P 5 25 600 16 5
F P 5 26 600 16 2 
F P 6 27 600 16 2 
F P 6 28 600 16 3 
F P 6 29 600 16 3 
F P 6 30 600 16 1 
F P 7 31 600 16 2 
F P 7 32 600 16 2 
F P 7 33 600 16 2 
F P 7 34 600 16 2 
F P 7 35 600 16 2 
F P 7 36 600 16 2 
F P 7 37 600 16 2 
F M 8 38 600 17 5
F M 8 39 600 16 3
F M 8 40 600 16 2 
F M 8 41 600 19 1
F M 8 42 600 16 4
F M 8 43 600 19 5
F M 8 44 600 16 3
F M 8 45 600 16 5
F M 9 46 600 13 4
F M 10 47 500 16 5
P 15 41
P 35 47