3   2   2
4 5 6 7 8 9 10 11 12 8 
1  7  4  5
12
46
F M 1 1 500 6 2
F M 1 2 550 7 2
F M 1 3 560 8 3
F M 2 4 570 9 3
F M 2 5 560 10 3
F M 2 6 550 9 2 
F M 2 7 540 8 1
F M 3 8 460 5 4
F M 3 9 430 4 5
F M 3 10 420 3 3
F M 3 11 420 3 3
F M 3 39 560 10 3
F M 3 40 550 9 2 
F M 3 41 540 8 1
F M 3 42 460 5 4
F M 3 43 430 4 5
F M 3 44 420 3 3
F M 4 45 420 3 3
X 4 10
X 4 11
F E 4  38 560 7 5
F E 4 12 570 8 8
F E 4 13 580 9 9
F E 4 14 560  8 6
F E 4 15 470 6 4
F E 4 16 460 5 3
F E 5 17 360 10 5
F E 5 18 350 9 6
F E 5 19 340 11 7
F E 5 20 330 12 5
F E 5 21 350 6 9
F P 5  23 560 5 4
F P 5  24 570 5 2
F P 5  25 500 6 5
F P 5  26 540 8 2 
F P 6  27 530 8 2 
F P 6  28 520 9 3 
F P 6  29 500 5 3 
F P 6  30 560 5 1 
F P 7  31 590 4 2 
F P 7  32 600 3 2 
F P 7  33 360 6 2 
F P 7  34 320 2 2 
F P 7  35 330 3 2 
F P 7  36 210 4 2 
F P 7  37 150 2 2 


