8 6 5 
13   15  12 11     9 10   7 5    4 16      17   18  19   12 11     9 10   7 5    
3  7  4  5
12
94
F E 1 1 500 6 2
F E 1 2 550 7 2
F E 1 3 560 8 3
F E 1 4 570 9 3
F E 1 5 560 10 3
F E 1 6 550 9 2 
F E 1 7 540 8 1
F E 1 8 460 5 4
F E 1 9 430 4 5
F E 1 10 420 3 3
F E 2 11 420 3 3
F E 2 12 560 10 3
F E 2 13 550 9 2 
F E 2 14 540 7 1
F E 2 15 460 5 4
F E 2 16 430 6 5
F E 2 17 420 3 3
F E 3 18 420 5 3
F E 3 19 550 12 2 
F E 3 20 540 8 1
F M 3 21 460 5 4
F E 3 22 430 6 5
F M 3 23 420 5 3
F M 4 24 420 8 6
F M 4 25 420 9 4
F M 4 26 420 7 5
F M 4 27 420 6 2
F M 4 28 420 4 3
X 4 7
X 4 8
X 4 24
X 4 24
P 4 24
P 4 27
P 6 27
F M 6  29 560 7 5
F M 6 30 570 8 8
F M 6 31 580 9 9
F M 7 32 560  8 6
F M 7 33 470 6 4
F M 7 34 460 5 3
F M 8 35 360 10 5
F M 8 36 350 9 6
F M 8 37 340 11 7
F M 9 38 330 12 5
F M 9 39 350 6 9
F M 10  40 560 7 5
F M 11 41 570 8 8
F M 11 42 580 9 9
F M 12 43 560  8 6
F M 12 44 470 6 4
F M 13 45 460 5 3
F E 13 46 360 10 5
F E 14 47 350 9 6
F E 15 48 340 11 7
F E 16 49 330 12 5
F E 17 50 350 6 9
F P 17  51 560 5 4
F P 18  52 570 6 2
F P 19  53 500 6 5
F P 19  54 540 9 2 
F P 21  55 530 8 2 
F P 21  56 520 9 3 
F P 22  57 500 6 3 
F P 23  58 560 5 1 
F P 24  59 590 4 2 
F P 24  60 300 3 2 
F P 24  61 360 5 2 
F P 26  62 320 2 2 
F P 27  63 330 5 2 
F P 27  64 210 4 2 
F P 27  65 150 2 2 
F P 28  66 560 5 4
F P 28  67 570 6 2
F P 29  68 500 6 5
F P 30  69 540 8 2 
F P 30  70 530 9 2 
F P 31  71 520 10 3 
F P 32  72 500 5 3 
F P 32  73 560 5 1 
F P 33  74 590 4 2 
F P 33  75 600 12 2 
F P 33  76 360 6 2 
F P 35  77 320 2 2 
F P 36  78 330 15 2 
F P 36  79 210 4 2 
F P 39  80 150 12 2 
F M 40 81 420 8 6
F M 41 82 420 9 4
F M 41 83 420 7 5
F M 42 84 420 6 2
F M 42 85 420 4 3
X 42 73
X 43 85