3 1 0 
1 2 2 2
3 19 8 0 
5 
39 
F E 2 15 500 6 3
F M 2 1 100 4 4 
F M 2 2 250 4 4 
F M 2 3 100 4 1  
F M 2 5 250 4 3 
F M 2 6 100 4 11  
F M 2 7 250 4 7 
X 2 1  
X 2 2
X 2 6 
X 2 1
P 2 5
P 2 1  
F M 3 9 100 4 9  
F M 3 12 250 4 8 
X 3 14
P 3 10 
P 3 22
P 3 6
F M 4 11 100 4 22  
F M 4 8 250 4 13 
F E 4 10 500 6 4
X 4 5 
X 4 15  
F M 5 14 100 4 15  
F M 5 17 250 4 6 
F M 5 13 100 4 1 
X 5 3 
F P 6 4 900 7 4  
X 6 22
X 10 30
F M 18 16 560 5 9 
X 20 7
P 21 7 
F P 22 22 900 7 14 
F P 23 23 900 7 2 
F P 24 24 900 7 7 
F P 25 25 900 7 3
F P 26 26 190 3 1